mtar001.000_mimp000.200_impa0nan_vimp0nan 1.0 0.2 0.1 3.31647110753
mtar001.000_mimp000.200_impa0nan_vimp0nan 1.0 0.2 15.0 3.75303975185
mtar001.000_mimp000.200_impa0nan_vimp0nan 1.0 0.2 22.5 4.75192358421
mtar001.000_mimp000.200_impa0nan_vimp0nan 1.0 0.2 30.0 6.91451036034
mtar001.000_mimp000.200_impa0nan_vimp0nan 1.0 0.2 37.5 10.0856016574
mtar001.000_mimp000.200_impa0nan_vimp0nan 1.0 0.2 45.0 23.2024598189
mtar001.000_mimp000.200_impa0nan_vimp0nan 1.0 0.2 60.0 34.1715915504
mtar001.000_mimp000.200_impa0nan_vimp0nan 1.0 0.2 75.0 nan
mtar001.000_mimp000.700_impa0nan_vimp0nan 1.0 0.7 0.1 2.55993027376
mtar001.000_mimp000.700_impa0nan_vimp0nan 1.0 0.7 15.0 nan
mtar001.000_mimp000.700_impa0nan_vimp0nan 1.0 0.7 22.5 2.02057436086
mtar001.000_mimp000.700_impa0nan_vimp0nan 1.0 0.7 30.0 2.58291974838
mtar001.000_mimp000.700_impa0nan_vimp0nan 1.0 0.7 37.5 3.37504521171
mtar001.000_mimp000.700_impa0nan_vimp0nan 1.0 0.7 45.0 6.21782073289
mtar001.000_mimp000.700_impa0nan_vimp0nan 1.0 0.7 60.0 nan
mtar001.000_mimp000.700_impa0nan_vimp0nan 1.0 0.7 75.0 nan
mtar000.100_mimp000.010_impa0nan_vimp0nan 0.1 0.01 0.1 4.52004362414
mtar000.100_mimp000.010_impa0nan_vimp0nan 0.1 0.01 15.0 5.04170073359
mtar000.100_mimp000.010_impa0nan_vimp0nan 0.1 0.01 22.5 5.73072863657
mtar000.100_mimp000.010_impa0nan_vimp0nan 0.1 0.01 30.0 8.49197225515
mtar000.100_mimp000.010_impa0nan_vimp0nan 0.1 0.01 37.5 12.4952134574
mtar000.100_mimp000.010_impa0nan_vimp0nan 0.1 0.01 45.0 19.1164428688
mtar000.100_mimp000.010_impa0nan_vimp0nan 0.1 0.01 60.0 43.0649664254
mtar000.100_mimp000.010_impa0nan_vimp0nan 0.1 0.01 75.0 nan
mtar000.100_mimp000.020_impa0nan_vimp0nan 0.1 0.02 0.1 3.65115788378
mtar000.100_mimp000.020_impa0nan_vimp0nan 0.1 0.02 15.0 3.90752377961
mtar000.100_mimp000.020_impa0nan_vimp0nan 0.1 0.02 22.5 4.80678118391
mtar000.100_mimp000.020_impa0nan_vimp0nan 0.1 0.02 30.0 6.56198056138
mtar000.100_mimp000.020_impa0nan_vimp0nan 0.1 0.02 37.5 9.11679958663
mtar000.100_mimp000.020_impa0nan_vimp0nan 0.1 0.02 45.0 12.5884369922
mtar000.100_mimp000.020_impa0nan_vimp0nan 0.1 0.02 60.0 35.1660229415
mtar000.100_mimp000.020_impa0nan_vimp0nan 0.1 0.02 75.0 nan
mtar000.100_mimp000.035_impa0nan_vimp0nan 0.1 0.035 0.1 3.15092310005
mtar000.100_mimp000.035_impa0nan_vimp0nan 0.1 0.035 15.0 3.22720314382
mtar000.100_mimp000.035_impa0nan_vimp0nan 0.1 0.035 22.5 3.60727223732
mtar000.100_mimp000.035_impa0nan_vimp0nan 0.1 0.035 30.0 5.01957220265
mtar000.100_mimp000.035_impa0nan_vimp0nan 0.1 0.035 37.5 6.5439194013
mtar000.100_mimp000.035_impa0nan_vimp0nan 0.1 0.035 45.0 10.0745292653
mtar000.100_mimp000.035_impa0nan_vimp0nan 0.1 0.035 60.0 nan
mtar000.100_mimp000.035_impa0nan_vimp0nan 0.1 0.035 75.0 82.0855071675
mtar000.100_mimp000.070_impa0nan_vimp0nan 0.1 0.07 0.1 2.71553674402
mtar000.100_mimp000.070_impa0nan_vimp0nan 0.1 0.07 15.0 2.07617561237
mtar000.100_mimp000.070_impa0nan_vimp0nan 0.1 0.07 22.5 1.64757191537
mtar000.100_mimp000.070_impa0nan_vimp0nan 0.1 0.07 30.0 2.65179148923
mtar000.100_mimp000.070_impa0nan_vimp0nan 0.1 0.07 37.5 3.34010164031
mtar000.100_mimp000.070_impa0nan_vimp0nan 0.1 0.07 45.0 4.77629892054
mtar000.100_mimp000.070_impa0nan_vimp0nan 0.1 0.07 60.0 16.257622062
mtar000.100_mimp000.070_impa0nan_vimp0nan 0.1 0.07 75.0 91.8149357893
mtar000.010_mimp000.002_impa0nan_vimp0nan 0.01 0.002 0.1 3.68878889934
mtar000.010_mimp000.002_impa0nan_vimp0nan 0.01 0.002 15.0 3.6869271056
mtar000.010_mimp000.002_impa0nan_vimp0nan 0.01 0.002 22.5 4.4567429525
mtar000.010_mimp000.002_impa0nan_vimp0nan 0.01 0.002 30.0 5.75467639882
mtar000.010_mimp000.002_impa0nan_vimp0nan 0.01 0.002 37.5 5.91504986953
mtar000.010_mimp000.002_impa0nan_vimp0nan 0.01 0.002 45.0 8.12777405629
mtar000.010_mimp000.002_impa0nan_vimp0nan 0.01 0.002 60.0 nan
mtar000.010_mimp000.002_impa0nan_vimp0nan 0.01 0.002 75.0 nan
mtar000.010_mimp000.007_impa0nan_vimp0nan 0.01 0.007 0.1 2.82088287
mtar000.010_mimp000.007_impa0nan_vimp0nan 0.01 0.007 15.0 2.18144290059
mtar000.010_mimp000.007_impa0nan_vimp0nan 0.01 0.007 22.5 1.98406580946
mtar000.010_mimp000.007_impa0nan_vimp0nan 0.01 0.007 30.0 2.53749501757
mtar000.010_mimp000.007_impa0nan_vimp0nan 0.01 0.007 37.5 3.13879060488
mtar000.010_mimp000.007_impa0nan_vimp0nan 0.01 0.007 45.0 4.30434766229
mtar000.010_mimp000.007_impa0nan_vimp0nan 0.01 0.007 60.0 nan
mtar000.010_mimp000.007_impa0nan_vimp0nan 0.01 0.007 75.0 nan
