mtar001.000_mimp000.200_impa0nan_vimp0nan 1.0 0.2 0.1 3.48953926219
mtar001.000_mimp000.200_impa0nan_vimp0nan 1.0 0.2 15.0 3.9599280047
mtar001.000_mimp000.200_impa0nan_vimp0nan 1.0 0.2 22.5 nan
mtar001.000_mimp000.200_impa0nan_vimp0nan 1.0 0.2 30.0 8.06717893153
mtar001.000_mimp000.200_impa0nan_vimp0nan 1.0 0.2 37.5 10.3966071315
mtar001.000_mimp000.200_impa0nan_vimp0nan 1.0 0.2 45.0 22.5805017146
mtar001.000_mimp000.200_impa0nan_vimp0nan 1.0 0.2 60.0 nan
mtar001.000_mimp000.200_impa0nan_vimp0nan 1.0 0.2 75.0 59.8750665815
mtar000.100_mimp000.020_impa0nan_vimp0nan 0.1 0.02 0.1 3.70881318563
mtar000.100_mimp000.020_impa0nan_vimp0nan 0.1 0.02 15.0 4.04402347308
mtar000.100_mimp000.020_impa0nan_vimp0nan 0.1 0.02 22.5 nan
mtar000.100_mimp000.020_impa0nan_vimp0nan 0.1 0.02 30.0 6.91967405581
mtar000.100_mimp000.020_impa0nan_vimp0nan 0.1 0.02 37.5 11.0961757369
mtar000.100_mimp000.020_impa0nan_vimp0nan 0.1 0.02 45.0 20.4470491067
mtar000.100_mimp000.020_impa0nan_vimp0nan 0.1 0.02 60.0 nan
mtar000.100_mimp000.020_impa0nan_vimp0nan 0.1 0.02 75.0 129.656938283
mtar000.010_mimp000.002_impa0nan_vimp0nan 0.01 0.002 0.1 4.17515342878
mtar000.010_mimp000.002_impa0nan_vimp0nan 0.01 0.002 15.0 4.18802720352
mtar000.010_mimp000.002_impa0nan_vimp0nan 0.01 0.002 22.5 4.43560083021
mtar000.010_mimp000.002_impa0nan_vimp0nan 0.01 0.002 30.0 nan
mtar000.010_mimp000.002_impa0nan_vimp0nan 0.01 0.002 37.5 nan
mtar000.010_mimp000.002_impa0nan_vimp0nan 0.01 0.002 45.0 12.3300747806
mtar000.010_mimp000.002_impa0nan_vimp0nan 0.01 0.002 60.0 nan
mtar000.010_mimp000.002_impa0nan_vimp0nan 0.01 0.002 75.0 nan
