mtar000.200_mimp000.100_impa0nan_vimp0nan 0.2 0.1 0.1 2.72029448974
mtar000.200_mimp000.100_impa0nan_vimp0nan 0.2 0.1 15.0 2.59050585209
mtar000.200_mimp000.100_impa0nan_vimp0nan 0.2 0.1 22.5 2.82394280372
mtar000.200_mimp000.100_impa0nan_vimp0nan 0.2 0.1 30.0 3.27608202357
mtar000.200_mimp000.100_impa0nan_vimp0nan 0.2 0.1 37.5 4.35729840926
mtar000.200_mimp000.100_impa0nan_vimp0nan 0.2 0.1 45.0 6.80034974111
mtar000.200_mimp000.100_impa0nan_vimp0nan 0.2 0.1 60.0 nan
mtar000.200_mimp000.100_impa0nan_vimp0nan 0.2 0.1 75.0 36.4874849144
mtar000.500_mimp000.100_impa0nan_vimp0nan 0.5 0.1 0.1 3.52462189006
mtar000.500_mimp000.100_impa0nan_vimp0nan 0.5 0.1 15.0 3.87506779133
mtar000.500_mimp000.100_impa0nan_vimp0nan 0.5 0.1 22.5 4.94645014569
mtar000.500_mimp000.100_impa0nan_vimp0nan 0.5 0.1 30.0 5.9475164307
mtar000.500_mimp000.100_impa0nan_vimp0nan 0.5 0.1 37.5 12.3582992781
mtar000.500_mimp000.100_impa0nan_vimp0nan 0.5 0.1 45.0 8.32456827335
